torso 0.0 -3.40890969545 -0.0
	shoulder_r 12.1917348595 -60.5939577205 -11.3411125682
		elbow_r 0.0 -0.0 45.0345790861
			wrist_r 1.08016814328 -6.43456925517 3.45781027275
	shoulder_l -3.60173508633 62.1471691798 -1.21282192618
		elbow_l -5.74079815928 -4.91450633636 -39.5636970536
			wrist_l 5.17418290921 3.84501723508 -10.3815277738
	head 0.0 -0.0 -3.22816051361
	hip_r -43.1318201544 -0.0932504080018 -0.101906967242
		knee_r 9.90628411974 -0.0 -0.0
			ankle_r 29.6373719771 -0.0 -0.0
	hip_l 31.5211702532 -0.0 -0.0
		knee_l 39.2518609518 -0.0 -0.0
			ankle_l 21.1634269474 -0.0 -0.0
