torso 0.0 5.02080682539 -0.0
	shoulder_r 35.4427092777 -29.6462740259 -27.2148114014
		elbow_r 0.0 -0.0 21.3453849492
			wrist_r -0.0314410048839 -2.083357932 6.22486470708
	shoulder_l -18.3566102755 22.4578109378 -8.69902864305
		elbow_l -1.61246525111 -0.679316587499 -12.4513821318
			wrist_l 0.967732132491 2.15715007318 -12.290399139
	head 0.0 -0.0 7.9303536745
	hip_r 42.2014569252 -0.246239345064 -0.269098070548
		knee_r 29.8272412504 -0.0 -0.0
			ankle_r 23.8799586954 -0.0 -0.0
	hip_l -43.7812364867 -0.0 -0.0
		knee_l 1.45842376656 -0.0 -0.0
			ankle_l 39.40575506 -0.0 -0.0
